0,0,0,0,0,0,0,0,0,0,0,0,0,0,0,0,0,0,0,0,0,0,0,0,0,0,0,0,0,0,0,0,0,0,0,0,0,0,0,0,
1,2,3,4,5,6,7,8,9,10,11,12,13,14,15,16,17,18,19,20,21,22,23,24,25,26,27,28,29,30,31,32,33,34,35,36,37,38,39,40,
2,4,6,8,10,12,14,16,18,20,22,24,26,28,30,32,34,36,38,40,42,44,46,48,50,52,54,56,58,60,62,64,66,68,70,72,74,76,78,80,
3,6,9,12,15,18,21,24,27,30,33,36,39,42,45,48,51,54,57,60,63,66,69,72,75,78,81,84,87,90,93,96,99,102,105,108,111,114,117,120,
4,8,12,16,20,24,28,32,36,40,44,48,52,56,60,64,68,72,76,80,84,88,92,96,100,104,108,112,116,120,124,128,132,136,140,144,148,152,156,160,
5,10,15,20,25,30,35,40,45,50,55,60,65,70,75,80,85,90,95,100,105,110,115,120,125,130,135,140,145,150,155,160,165,170,175,180,185,190,195,200,
6,12,18,24,30,36,42,48,54,60,66,72,78,84,90,96,102,108,114,120,126,132,138,144,150,156,162,168,174,180,186,192,198,204,210,216,222,228,234,240,
7,14,21,28,35,42,49,56,63,70,77,84,91,98,105,112,119,126,133,140,147,154,161,168,175,182,189,196,203,210,217,224,231,238,245,252,259,266,273,280,
8,16,24,32,40,48,56,64,72,80,88,96,104,112,120,128,136,144,152,160,168,176,184,192,200,208,216,224,232,240,248,256,264,272,280,288,296,304,312,320,
9,18,27,36,45,54,63,72,81,90,99,108,117,126,135,144,153,162,171,180,189,198,207,216,225,234,243,252,261,270,279,288,297,306,315,324,333,342,351,360,
10,20,30,40,50,60,70,80,90,100,110,120,130,140,150,160,170,180,190,200,210,220,230,240,250,260,270,280,290,300,310,320,330,340,350,360,370,380,390,400,
11,22,33,44,55,66,77,88,99,110,121,132,143,154,165,176,187,198,209,220,231,242,253,264,275,286,297,308,319,330,341,352,363,374,385,396,407,418,429,440,
12,24,36,48,60,72,84,96,108,120,132,144,156,168,180,192,204,216,228,240,252,264,276,288,300,312,324,336,348,360,372,384,396,408,420,432,444,456,468,480,
13,26,39,52,65,78,91,104,117,130,143,156,169,182,195,208,221,234,247,260,273,286,299,312,325,338,351,364,377,390,403,416,429,442,455,468,481,494,507,520,
14,28,42,56,70,84,98,112,126,140,154,168,182,196,210,224,238,252,266,280,294,308,322,336,350,364,378,392,406,420,434,448,462,476,490,504,518,532,546,560,
15,30,45,60,75,90,105,120,135,150,165,180,195,210,225,240,255,270,285,300,315,330,345,360,375,390,405,420,435,450,465,480,495,510,525,540,555,570,585,600,
16,32,48,64,80,96,112,128,144,160,176,192,208,224,240,256,272,288,304,320,336,352,368,384,400,416,432,448,464,480,496,512,528,544,560,576,592,608,624,640,
17,34,51,68,85,102,119,136,153,170,187,204,221,238,255,272,289,306,323,340,357,374,391,408,425,442,459,476,493,510,527,544,561,578,595,612,629,646,663,680,
18,36,54,72,90,108,126,144,162,180,198,216,234,252,270,288,306,324,342,360,378,396,414,432,450,468,486,504,522,540,558,576,594,612,630,648,666,684,702,720,
19,38,57,76,95,114,133,152,171,190,209,228,247,266,285,304,323,342,361,380,399,418,437,456,475,494,513,532,551,570,589,608,627,646,665,684,703,722,741,760,
20,40,60,80,100,120,140,160,180,200,220,240,260,280,300,320,340,360,380,400,420,440,460,480,500,520,540,560,580,600,620,640,660,680,700,720,740,760,780,800,
21,42,63,84,105,126,147,168,189,210,231,252,273,294,315,336,357,378,399,420,441,462,483,504,525,546,567,588,609,630,651,672,693,714,735,756,777,798,819,840,
22,44,66,88,110,132,154,176,198,220,242,264,286,308,330,352,374,396,418,440,462,484,506,528,550,572,594,616,638,660,682,704,726,748,770,792,814,836,858,880,
23,46,69,92,115,138,161,184,207,230,253,276,299,322,345,368,391,414,437,460,483,506,529,552,575,598,621,644,667,690,713,736,759,782,805,828,851,874,897,920,
24,48,72,96,120,144,168,192,216,240,264,288,312,336,360,384,408,432,456,480,504,528,552,576,600,624,648,672,696,720,744,768,792,816,840,864,888,912,936,960,
25,50,75,100,125,150,175,200,225,250,275,300,325,350,375,400,425,450,475,500,525,550,575,600,625,650,675,700,725,750,775,800,825,850,875,900,925,950,975,1000,
26,52,78,104,130,156,182,208,234,260,286,312,338,364,390,416,442,468,494,520,546,572,598,624,650,676,702,728,754,780,806,832,858,884,910,936,962,988,1014,1040,
27,54,81,108,135,162,189,216,243,270,297,324,351,378,405,432,459,486,513,540,567,594,621,648,675,702,729,756,783,810,837,864,891,918,945,972,999,1026,1053,1080,
28,56,84,112,140,168,196,224,252,280,308,336,364,392,420,448,476,504,532,560,588,616,644,672,700,728,756,784,812,840,868,896,924,952,980,1008,1036,1064,1092,1120,
29,58,87,116,145,174,203,232,261,290,319,348,377,406,435,464,493,522,551,580,609,638,667,696,725,754,783,812,841,870,899,928,957,986,1015,1044,1073,1102,1131,1160,
30,60,90,120,150,180,210,240,270,300,330,360,390,420,450,480,510,540,570,600,630,660,690,720,750,780,810,840,870,900,930,960,990,1020,1050,1080,1110,1140,1170,1200,
31,62,93,124,155,186,217,248,279,310,341,372,403,434,465,496,527,558,589,620,651,682,713,744,775,806,837,868,899,930,961,992,1023,1054,1085,1116,1147,1178,1209,1240,
32,64,96,128,160,192,224,256,288,320,352,384,416,448,480,512,544,576,608,640,672,704,736,768,800,832,864,896,928,960,992,1024,1056,1088,1120,1152,1184,1216,1248,1280,
33,66,99,132,165,198,231,264,297,330,363,396,429,462,495,528,561,594,627,660,693,726,759,792,825,858,891,924,957,990,1023,1056,1089,1122,1155,1188,1221,1254,1287,1320,
34,68,102,136,170,204,238,272,306,340,374,408,442,476,510,544,578,612,646,680,714,748,782,816,850,884,918,952,986,1020,1054,1088,1122,1156,1190,1224,1258,1292,1326,1360,
35,70,105,140,175,210,245,280,315,350,385,420,455,490,525,560,595,630,665,700,735,770,805,840,875,910,945,980,1015,1050,1085,1120,1155,1190,1225,1260,1295,1330,1365,1400,
36,72,108,144,180,216,252,288,324,360,396,432,468,504,540,576,612,648,684,720,756,792,828,864,900,936,972,1008,1044,1080,1116,1152,1188,1224,1260,1296,1332,1368,1404,1440,
37,74,111,148,185,222,259,296,333,370,407,444,481,518,555,592,629,666,703,740,777,814,851,888,925,962,999,1036,1073,1110,1147,1184,1221,1258,1295,1332,1369,1406,1443,1480,
38,76,114,152,190,228,266,304,342,380,418,456,494,532,570,608,646,684,722,760,798,836,874,912,950,988,1026,1064,1102,1140,1178,1216,1254,1292,1330,1368,1406,1444,1482,1520,
39,78,117,156,195,234,273,312,351,390,429,468,507,546,585,624,663,702,741,780,819,858,897,936,975,1014,1053,1092,1131,1170,1209,1248,1287,1326,1365,1404,1443,1482,1521,1560,
40,80,120,160,200,240,280,320,360,400,440,480,520,560,600,640,680,720,760,800,840,880,920,960,1000,1040,1080,1120,1160,1200,1240,1280,1320,1360,1400,1440,1480,1520,1560,1600,
41,82,123,164,205,246,287,328,369,410,451,492,533,574,615,656,697,738,779,820,861,902,943,984,1025,1066,1107,1148,1189,1230,1271,1312,1353,1394,1435,1476,1517,1558,1599,1640,
42,84,126,168,210,252,294,336,378,420,462,504,546,588,630,672,714,756,798,840,882,924,966,1008,1050,1092,1134,1176,1218,1260,1302,1344,1386,1428,1470,1512,1554,1596,1638,1680,
43,86,129,172,215,258,301,344,387,430,473,516,559,602,645,688,731,774,817,860,903,946,989,1032,1075,1118,1161,1204,1247,1290,1333,1376,1419,1462,1505,1548,1591,1634,1677,1720,
44,88,132,176,220,264,308,352,396,440,484,528,572,616,660,704,748,792,836,880,924,968,1012,1056,1100,1144,1188,1232,1276,1320,1364,1408,1452,1496,1540,1584,1628,1672,1716,1760,
45,90,135,180,225,270,315,360,405,450,495,540,585,630,675,720,765,810,855,900,945,990,1035,1080,1125,1170,1215,1260,1305,1350,1395,1440,1485,1530,1575,1620,1665,1710,1755,1800,
46,92,138,184,230,276,322,368,414,460,506,552,598,644,690,736,782,828,874,920,966,1012,1058,1104,1150,1196,1242,1288,1334,1380,1426,1472,1518,1564,1610,1656,1702,1748,1794,1840,
47,94,141,188,235,282,329,376,423,470,517,564,611,658,705,752,799,846,893,940,987,1034,1081,1128,1175,1222,1269,1316,1363,1410,1457,1504,1551,1598,1645,1692,1739,1786,1833,1880,
48,96,144,192,240,288,336,384,432,480,528,576,624,672,720,768,816,864,912,960,1008,1056,1104,1152,1200,1248,1296,1344,1392,1440,1488,1536,1584,1632,1680,1728,1776,1824,1872,1920,
49,98,147,196,245,294,343,392,441,490,539,588,637,686,735,784,833,882,931,980,1029,1078,1127,1176,1225,1274,1323,1372,1421,1470,1519,1568,1617,1666,1715,1764,1813,1862,1911,1960,
50,100,150,200,250,300,350,400,450,500,550,600,650,700,750,800,850,900,950,1000,1050,1100,1150,1200,1250,1300,1350,1400,1450,1500,1550,1600,1650,1700,1750,1800,1850,1900,1950,2000,
51,102,153,204,255,306,357,408,459,510,561,612,663,714,765,816,867,918,969,1020,1071,1122,1173,1224,1275,1326,1377,1428,1479,1530,1581,1632,1683,1734,1785,1836,1887,1938,1989,2040,
52,104,156,208,260,312,364,416,468,520,572,624,676,728,780,832,884,936,988,1040,1092,1144,1196,1248,1300,1352,1404,1456,1508,1560,1612,1664,1716,1768,1820,1872,1924,1976,2028,2080,
53,106,159,212,265,318,371,424,477,530,583,636,689,742,795,848,901,954,1007,1060,1113,1166,1219,1272,1325,1378,1431,1484,1537,1590,1643,1696,1749,1802,1855,1908,1961,2014,2067,2120,
54,108,162,216,270,324,378,432,486,540,594,648,702,756,810,864,918,972,1026,1080,1134,1188,1242,1296,1350,1404,1458,1512,1566,1620,1674,1728,1782,1836,1890,1944,1998,2052,2106,2160,
55,110,165,220,275,330,385,440,495,550,605,660,715,770,825,880,935,990,1045,1100,1155,1210,1265,1320,1375,1430,1485,1540,1595,1650,1705,1760,1815,1870,1925,1980,2035,2090,2145,2200,
56,112,168,224,280,336,392,448,504,560,616,672,728,784,840,896,952,1008,1064,1120,1176,1232,1288,1344,1400,1456,1512,1568,1624,1680,1736,1792,1848,1904,1960,2016,2072,2128,2184,2240,
57,114,171,228,285,342,399,456,513,570,627,684,741,798,855,912,969,1026,1083,1140,1197,1254,1311,1368,1425,1482,1539,1596,1653,1710,1767,1824,1881,1938,1995,2052,2109,2166,2223,2280,
58,116,174,232,290,348,406,464,522,580,638,696,754,812,870,928,986,1044,1102,1160,1218,1276,1334,1392,1450,1508,1566,1624,1682,1740,1798,1856,1914,1972,2030,2088,2146,2204,2262,2320,
59,118,177,236,295,354,413,472,531,590,649,708,767,826,885,944,1003,1062,1121,1180,1239,1298,1357,1416,1475,1534,1593,1652,1711,1770,1829,1888,1947,2006,2065,2124,2183,2242,2301,2360,
60,120,180,240,300,360,420,480,540,600,660,720,780,840,900,960,1020,1080,1140,1200,1260,1320,1380,1440,1500,1560,1620,1680,1740,1800,1860,1920,1980,2040,2100,2160,2220,2280,2340,2400,
61,122,183,244,305,366,427,488,549,610,671,732,793,854,915,976,1037,1098,1159,1220,1281,1342,1403,1464,1525,1586,1647,1708,1769,1830,1891,1952,2013,2074,2135,2196,2257,2318,2379,2440,
62,124,186,248,310,372,434,496,558,620,682,744,806,868,930,992,1054,1116,1178,1240,1302,1364,1426,1488,1550,1612,1674,1736,1798,1860,1922,1984,2046,2108,2170,2232,2294,2356,2418,2480,
63,126,189,252,315,378,441,504,567,630,693,756,819,882,945,1008,1071,1134,1197,1260,1323,1386,1449,1512,1575,1638,1701,1764,1827,1890,1953,2016,2079,2142,2205,2268,2331,2394,2457,2520,
64,128,192,256,320,384,448,512,576,640,704,768,832,896,960,1024,1088,1152,1216,1280,1344,1408,1472,1536,1600,1664,1728,1792,1856,1920,1984,2048,2112,2176,2240,2304,2368,2432,2496,2560,
65,130,195,260,325,390,455,520,585,650,715,780,845,910,975,1040,1105,1170,1235,1300,1365,1430,1495,1560,1625,1690,1755,1820,1885,1950,2015,2080,2145,2210,2275,2340,2405,2470,2535,2600,
66,132,198,264,330,396,462,528,594,660,726,792,858,924,990,1056,1122,1188,1254,1320,1386,1452,1518,1584,1650,1716,1782,1848,1914,1980,2046,2112,2178,2244,2310,2376,2442,2508,2574,2640,
67,134,201,268,335,402,469,536,603,670,737,804,871,938,1005,1072,1139,1206,1273,1340,1407,1474,1541,1608,1675,1742,1809,1876,1943,2010,2077,2144,2211,2278,2345,2412,2479,2546,2613,2680,
68,136,204,272,340,408,476,544,612,680,748,816,884,952,1020,1088,1156,1224,1292,1360,1428,1496,1564,1632,1700,1768,1836,1904,1972,2040,2108,2176,2244,2312,2380,2448,2516,2584,2652,2720,
69,138,207,276,345,414,483,552,621,690,759,828,897,966,1035,1104,1173,1242,1311,1380,1449,1518,1587,1656,1725,1794,1863,1932,2001,2070,2139,2208,2277,2346,2415,2484,2553,2622,2691,2760,
70,140,210,280,350,420,490,560,630,700,770,840,910,980,1050,1120,1190,1260,1330,1400,1470,1540,1610,1680,1750,1820,1890,1960,2030,2100,2170,2240,2310,2380,2450,2520,2590,2660,2730,2800,
71,142,213,284,355,426,497,568,639,710,781,852,923,994,1065,1136,1207,1278,1349,1420,1491,1562,1633,1704,1775,1846,1917,1988,2059,2130,2201,2272,2343,2414,2485,2556,2627,2698,2769,2840,
72,144,216,288,360,432,504,576,648,720,792,864,936,1008,1080,1152,1224,1296,1368,1440,1512,1584,1656,1728,1800,1872,1944,2016,2088,2160,2232,2304,2376,2448,2520,2592,2664,2736,2808,2880,
73,146,219,292,365,438,511,584,657,730,803,876,949,1022,1095,1168,1241,1314,1387,1460,1533,1606,1679,1752,1825,1898,1971,2044,2117,2190,2263,2336,2409,2482,2555,2628,2701,2774,2847,2920,
74,148,222,296,370,444,518,592,666,740,814,888,962,1036,1110,1184,1258,1332,1406,1480,1554,1628,1702,1776,1850,1924,1998,2072,2146,2220,2294,2368,2442,2516,2590,2664,2738,2812,2886,2960,
75,150,225,300,375,450,525,600,675,750,825,900,975,1050,1125,1200,1275,1350,1425,1500,1575,1650,1725,1800,1875,1950,2025,2100,2175,2250,2325,2400,2475,2550,2625,2700,2775,2850,2925,3000,
76,152,228,304,380,456,532,608,684,760,836,912,988,1064,1140,1216,1292,1368,1444,1520,1596,1672,1748,1824,1900,1976,2052,2128,2204,2280,2356,2432,2508,2584,2660,2736,2812,2888,2964,3040,
77,154,231,308,385,462,539,616,693,770,847,924,1001,1078,1155,1232,1309,1386,1463,1540,1617,1694,1771,1848,1925,2002,2079,2156,2233,2310,2387,2464,2541,2618,2695,2772,2849,2926,3003,3080,
78,156,234,312,390,468,546,624,702,780,858,936,1014,1092,1170,1248,1326,1404,1482,1560,1638,1716,1794,1872,1950,2028,2106,2184,2262,2340,2418,2496,2574,2652,2730,2808,2886,2964,3042,3120,
79,158,237,316,395,474,553,632,711,790,869,948,1027,1106,1185,1264,1343,1422,1501,1580,1659,1738,1817,1896,1975,2054,2133,2212,2291,2370,2449,2528,2607,2686,2765,2844,2923,3002,3081,3160,
80,160,240,320,400,480,560,640,720,800,880,960,1040,1120,1200,1280,1360,1440,1520,1600,1680,1760,1840,1920,2000,2080,2160,2240,2320,2400,2480,2560,2640,2720,2800,2880,2960,3040,3120,3200,
81,162,243,324,405,486,567,648,729,810,891,972,1053,1134,1215,1296,1377,1458,1539,1620,1701,1782,1863,1944,2025,2106,2187,2268,2349,2430,2511,2592,2673,2754,2835,2916,2997,3078,3159,3240,
82,164,246,328,410,492,574,656,738,820,902,984,1066,1148,1230,1312,1394,1476,1558,1640,1722,1804,1886,1968,2050,2132,2214,2296,2378,2460,2542,2624,2706,2788,2870,2952,3034,3116,3198,3280,
83,166,249,332,415,498,581,664,747,830,913,996,1079,1162,1245,1328,1411,1494,1577,1660,1743,1826,1909,1992,2075,2158,2241,2324,2407,2490,2573,2656,2739,2822,2905,2988,3071,3154,3237,3320,
84,168,252,336,420,504,588,672,756,840,924,1008,1092,1176,1260,1344,1428,1512,1596,1680,1764,1848,1932,2016,2100,2184,2268,2352,2436,2520,2604,2688,2772,2856,2940,3024,3108,3192,3276,3360,
85,170,255,340,425,510,595,680,765,850,935,1020,1105,1190,1275,1360,1445,1530,1615,1700,1785,1870,1955,2040,2125,2210,2295,2380,2465,2550,2635,2720,2805,2890,2975,3060,3145,3230,3315,3400,
86,172,258,344,430,516,602,688,774,860,946,1032,1118,1204,1290,1376,1462,1548,1634,1720,1806,1892,1978,2064,2150,2236,2322,2408,2494,2580,2666,2752,2838,2924,3010,3096,3182,3268,3354,3440,
87,174,261,348,435,522,609,696,783,870,957,1044,1131,1218,1305,1392,1479,1566,1653,1740,1827,1914,2001,2088,2175,2262,2349,2436,2523,2610,2697,2784,2871,2958,3045,3132,3219,3306,3393,3480,
88,176,264,352,440,528,616,704,792,880,968,1056,1144,1232,1320,1408,1496,1584,1672,1760,1848,1936,2024,2112,2200,2288,2376,2464,2552,2640,2728,2816,2904,2992,3080,3168,3256,3344,3432,3520,
89,178,267,356,445,534,623,712,801,890,979,1068,1157,1246,1335,1424,1513,1602,1691,1780,1869,1958,2047,2136,2225,2314,2403,2492,2581,2670,2759,2848,2937,3026,3115,3204,3293,3382,3471,3560,
90,180,270,360,450,540,630,720,810,900,990,1080,1170,1260,1350,1440,1530,1620,1710,1800,1890,1980,2070,2160,2250,2340,2430,2520,2610,2700,2790,2880,2970,3060,3150,3240,3330,3420,3510,3600,
91,182,273,364,455,546,637,728,819,910,1001,1092,1183,1274,1365,1456,1547,1638,1729,1820,1911,2002,2093,2184,2275,2366,2457,2548,2639,2730,2821,2912,3003,3094,3185,3276,3367,3458,3549,3640,
92,184,276,368,460,552,644,736,828,920,1012,1104,1196,1288,1380,1472,1564,1656,1748,1840,1932,2024,2116,2208,2300,2392,2484,2576,2668,2760,2852,2944,3036,3128,3220,3312,3404,3496,3588,3680,
93,186,279,372,465,558,651,744,837,930,1023,1116,1209,1302,1395,1488,1581,1674,1767,1860,1953,2046,2139,2232,2325,2418,2511,2604,2697,2790,2883,2976,3069,3162,3255,3348,3441,3534,3627,3720,
94,188,282,376,470,564,658,752,846,940,1034,1128,1222,1316,1410,1504,1598,1692,1786,1880,1974,2068,2162,2256,2350,2444,2538,2632,2726,2820,2914,3008,3102,3196,3290,3384,3478,3572,3666,3760,
95,190,285,380,475,570,665,760,855,950,1045,1140,1235,1330,1425,1520,1615,1710,1805,1900,1995,2090,2185,2280,2375,2470,2565,2660,2755,2850,2945,3040,3135,3230,3325,3420,3515,3610,3705,3800,
96,192,288,384,480,576,672,768,864,960,1056,1152,1248,1344,1440,1536,1632,1728,1824,1920,2016,2112,2208,2304,2400,2496,2592,2688,2784,2880,2976,3072,3168,3264,3360,3456,3552,3648,3744,3840,
97,194,291,388,485,582,679,776,873,970,1067,1164,1261,1358,1455,1552,1649,1746,1843,1940,2037,2134,2231,2328,2425,2522,2619,2716,2813,2910,3007,3104,3201,3298,3395,3492,3589,3686,3783,3880,
98,196,294,392,490,588,686,784,882,980,1078,1176,1274,1372,1470,1568,1666,1764,1862,1960,2058,2156,2254,2352,2450,2548,2646,2744,2842,2940,3038,3136,3234,3332,3430,3528,3626,3724,3822,3920,
99,198,297,396,495,594,693,792,891,990,1089,1188,1287,1386,1485,1584,1683,1782,1881,1980,2079,2178,2277,2376,2475,2574,2673,2772,2871,2970,3069,3168,3267,3366,3465,3564,3663,3762,3861,3960,
100,200,300,400,500,600,700,800,900,1000,1100,1200,1300,1400,1500,1600,1700,1800,1900,2000,2100,2200,2300,2400,2500,2600,2700,2800,2900,3000,3100,3200,3300,3400,3500,3600,3700,3800,3900,4000,
101,202,303,404,505,606,707,808,909,1010,1111,1212,1313,1414,1515,1616,1717,1818,1919,2020,2121,2222,2323,2424,2525,2626,2727,2828,2929,3030,3131,3232,3333,3434,3535,3636,3737,3838,3939,4040,
102,204,306,408,510,612,714,816,918,1020,1122,1224,1326,1428,1530,1632,1734,1836,1938,2040,2142,2244,2346,2448,2550,2652,2754,2856,2958,3060,3162,3264,3366,3468,3570,3672,3774,3876,3978,4080,
103,206,309,412,515,618,721,824,927,1030,1133,1236,1339,1442,1545,1648,1751,1854,1957,2060,2163,2266,2369,2472,2575,2678,2781,2884,2987,3090,3193,3296,3399,3502,3605,3708,3811,3914,4017,4120,
104,208,312,416,520,624,728,832,936,1040,1144,1248,1352,1456,1560,1664,1768,1872,1976,2080,2184,2288,2392,2496,2600,2704,2808,2912,3016,3120,3224,3328,3432,3536,3640,3744,3848,3952,4056,4160,
105,210,315,420,525,630,735,840,945,1050,1155,1260,1365,1470,1575,1680,1785,1890,1995,2100,2205,2310,2415,2520,2625,2730,2835,2940,3045,3150,3255,3360,3465,3570,3675,3780,3885,3990,4095,4200,
106,212,318,424,530,636,742,848,954,1060,1166,1272,1378,1484,1590,1696,1802,1908,2014,2120,2226,2332,2438,2544,2650,2756,2862,2968,3074,3180,3286,3392,3498,3604,3710,3816,3922,4028,4134,4240,
107,214,321,428,535,642,749,856,963,1070,1177,1284,1391,1498,1605,1712,1819,1926,2033,2140,2247,2354,2461,2568,2675,2782,2889,2996,3103,3210,3317,3424,3531,3638,3745,3852,3959,4066,4173,4280,
108,216,324,432,540,648,756,864,972,1080,1188,1296,1404,1512,1620,1728,1836,1944,2052,2160,2268,2376,2484,2592,2700,2808,2916,3024,3132,3240,3348,3456,3564,3672,3780,3888,3996,4104,4212,4320,
109,218,327,436,545,654,763,872,981,1090,1199,1308,1417,1526,1635,1744,1853,1962,2071,2180,2289,2398,2507,2616,2725,2834,2943,3052,3161,3270,3379,3488,3597,3706,3815,3924,4033,4142,4251,4360,
110,220,330,440,550,660,770,880,990,1100,1210,1320,1430,1540,1650,1760,1870,1980,2090,2200,2310,2420,2530,2640,2750,2860,2970,3080,3190,3300,3410,3520,3630,3740,3850,3960,4070,4180,4290,4400,
111,222,333,444,555,666,777,888,999,1110,1221,1332,1443,1554,1665,1776,1887,1998,2109,2220,2331,2442,2553,2664,2775,2886,2997,3108,3219,3330,3441,3552,3663,3774,3885,3996,4107,4218,4329,4440,
112,224,336,448,560,672,784,896,1008,1120,1232,1344,1456,1568,1680,1792,1904,2016,2128,2240,2352,2464,2576,2688,2800,2912,3024,3136,3248,3360,3472,3584,3696,3808,3920,4032,4144,4256,4368,4480,
113,226,339,452,565,678,791,904,1017,1130,1243,1356,1469,1582,1695,1808,1921,2034,2147,2260,2373,2486,2599,2712,2825,2938,3051,3164,3277,3390,3503,3616,3729,3842,3955,4068,4181,4294,4407,4520,
114,228,342,456,570,684,798,912,1026,1140,1254,1368,1482,1596,1710,1824,1938,2052,2166,2280,2394,2508,2622,2736,2850,2964,3078,3192,3306,3420,3534,3648,3762,3876,3990,4104,4218,4332,4446,4560,
115,230,345,460,575,690,805,920,1035,1150,1265,1380,1495,1610,1725,1840,1955,2070,2185,2300,2415,2530,2645,2760,2875,2990,3105,3220,3335,3450,3565,3680,3795,3910,4025,4140,4255,4370,4485,4600,
116,232,348,464,580,696,812,928,1044,1160,1276,1392,1508,1624,1740,1856,1972,2088,2204,2320,2436,2552,2668,2784,2900,3016,3132,3248,3364,3480,3596,3712,3828,3944,4060,4176,4292,4408,4524,4640,
117,234,351,468,585,702,819,936,1053,1170,1287,1404,1521,1638,1755,1872,1989,2106,2223,2340,2457,2574,2691,2808,2925,3042,3159,3276,3393,3510,3627,3744,3861,3978,4095,4212,4329,4446,4563,4680,
118,236,354,472,590,708,826,944,1062,1180,1298,1416,1534,1652,1770,1888,2006,2124,2242,2360,2478,2596,2714,2832,2950,3068,3186,3304,3422,3540,3658,3776,3894,4012,4130,4248,4366,4484,4602,4720,
119,238,357,476,595,714,833,952,1071,1190,1309,1428,1547,1666,1785,1904,2023,2142,2261,2380,2499,2618,2737,2856,2975,3094,3213,3332,3451,3570,3689,3808,3927,4046,4165,4284,4403,4522,4641,4760,
120,240,360,480,600,720,840,960,1080,1200,1320,1440,1560,1680,1800,1920,2040,2160,2280,2400,2520,2640,2760,2880,3000,3120,3240,3360,3480,3600,3720,3840,3960,4080,4200,4320,4440,4560,4680,4800,
121,242,363,484,605,726,847,968,1089,1210,1331,1452,1573,1694,1815,1936,2057,2178,2299,2420,2541,2662,2783,2904,3025,3146,3267,3388,3509,3630,3751,3872,3993,4114,4235,4356,4477,4598,4719,4840,
122,244,366,488,610,732,854,976,1098,1220,1342,1464,1586,1708,1830,1952,2074,2196,2318,2440,2562,2684,2806,2928,3050,3172,3294,3416,3538,3660,3782,3904,4026,4148,4270,4392,4514,4636,4758,4880,
123,246,369,492,615,738,861,984,1107,1230,1353,1476,1599,1722,1845,1968,2091,2214,2337,2460,2583,2706,2829,2952,3075,3198,3321,3444,3567,3690,3813,3936,4059,4182,4305,4428,4551,4674,4797,4920,
124,248,372,496,620,744,868,992,1116,1240,1364,1488,1612,1736,1860,1984,2108,2232,2356,2480,2604,2728,2852,2976,3100,3224,3348,3472,3596,3720,3844,3968,4092,4216,4340,4464,4588,4712,4836,4960,
125,250,375,500,625,750,875,1000,1125,1250,1375,1500,1625,1750,1875,2000,2125,2250,2375,2500,2625,2750,2875,3000,3125,3250,3375,3500,3625,3750,3875,4000,4125,4250,4375,4500,4625,4750,4875,5000,
126,252,378,504,630,756,882,1008,1134,1260,1386,1512,1638,1764,1890,2016,2142,2268,2394,2520,2646,2772,2898,3024,3150,3276,3402,3528,3654,3780,3906,4032,4158,4284,4410,4536,4662,4788,4914,5040,
127,254,381,508,635,762,889,1016,1143,1270,1397,1524,1651,1778,1905,2032,2159,2286,2413,2540,2667,2794,2921,3048,3175,3302,3429,3556,3683,3810,3937,4064,4191,4318,4445,4572,4699,4826,4953,5080,
128,256,384,512,640,768,896,1024,1152,1280,1408,1536,1664,1792,1920,2048,2176,2304,2432,2560,2688,2816,2944,3072,3200,3328,3456,3584,3712,3840,3968,4096,4224,4352,4480,4608,4736,4864,4992,5120,
129,258,387,516,645,774,903,1032,1161,1290,1419,1548,1677,1806,1935,2064,2193,2322,2451,2580,2709,2838,2967,3096,3225,3354,3483,3612,3741,3870,3999,4128,4257,4386,4515,4644,4773,4902,5031,5160,
130,260,390,520,650,780,910,1040,1170,1300,1430,1560,1690,1820,1950,2080,2210,2340,2470,2600,2730,2860,2990,3120,3250,3380,3510,3640,3770,3900,4030,4160,4290,4420,4550,4680,4810,4940,5070,5200,
131,262,393,524,655,786,917,1048,1179,1310,1441,1572,1703,1834,1965,2096,2227,2358,2489,2620,2751,2882,3013,3144,3275,3406,3537,3668,3799,3930,4061,4192,4323,4454,4585,4716,4847,4978,5109,5240,
132,264,396,528,660,792,924,1056,1188,1320,1452,1584,1716,1848,1980,2112,2244,2376,2508,2640,2772,2904,3036,3168,3300,3432,3564,3696,3828,3960,4092,4224,4356,4488,4620,4752,4884,5016,5148,5280,
133,266,399,532,665,798,931,1064,1197,1330,1463,1596,1729,1862,1995,2128,2261,2394,2527,2660,2793,2926,3059,3192,3325,3458,3591,3724,3857,3990,4123,4256,4389,4522,4655,4788,4921,5054,5187,5320,
134,268,402,536,670,804,938,1072,1206,1340,1474,1608,1742,1876,2010,2144,2278,2412,2546,2680,2814,2948,3082,3216,3350,3484,3618,3752,3886,4020,4154,4288,4422,4556,4690,4824,4958,5092,5226,5360,
135,270,405,540,675,810,945,1080,1215,1350,1485,1620,1755,1890,2025,2160,2295,2430,2565,2700,2835,2970,3105,3240,3375,3510,3645,3780,3915,4050,4185,4320,4455,4590,4725,4860,4995,5130,5265,5400,
136,272,408,544,680,816,952,1088,1224,1360,1496,1632,1768,1904,2040,2176,2312,2448,2584,2720,2856,2992,3128,3264,3400,3536,3672,3808,3944,4080,4216,4352,4488,4624,4760,4896,5032,5168,5304,5440,
137,274,411,548,685,822,959,1096,1233,1370,1507,1644,1781,1918,2055,2192,2329,2466,2603,2740,2877,3014,3151,3288,3425,3562,3699,3836,3973,4110,4247,4384,4521,4658,4795,4932,5069,5206,5343,5480,
138,276,414,552,690,828,966,1104,1242,1380,1518,1656,1794,1932,2070,2208,2346,2484,2622,2760,2898,3036,3174,3312,3450,3588,3726,3864,4002,4140,4278,4416,4554,4692,4830,4968,5106,5244,5382,5520,
139,278,417,556,695,834,973,1112,1251,1390,1529,1668,1807,1946,2085,2224,2363,2502,2641,2780,2919,3058,3197,3336,3475,3614,3753,3892,4031,4170,4309,4448,4587,4726,4865,5004,5143,5282,5421,5560,
140,280,420,560,700,840,980,1120,1260,1400,1540,1680,1820,1960,2100,2240,2380,2520,2660,2800,2940,3080,3220,3360,3500,3640,3780,3920,4060,4200,4340,4480,4620,4760,4900,5040,5180,5320,5460,5600,
141,282,423,564,705,846,987,1128,1269,1410,1551,1692,1833,1974,2115,2256,2397,2538,2679,2820,2961,3102,3243,3384,3525,3666,3807,3948,4089,4230,4371,4512,4653,4794,4935,5076,5217,5358,5499,5640,
142,284,426,568,710,852,994,1136,1278,1420,1562,1704,1846,1988,2130,2272,2414,2556,2698,2840,2982,3124,3266,3408,3550,3692,3834,3976,4118,4260,4402,4544,4686,4828,4970,5112,5254,5396,5538,5680,
143,286,429,572,715,858,1001,1144,1287,1430,1573,1716,1859,2002,2145,2288,2431,2574,2717,2860,3003,3146,3289,3432,3575,3718,3861,4004,4147,4290,4433,4576,4719,4862,5005,5148,5291,5434,5577,5720,
144,288,432,576,720,864,1008,1152,1296,1440,1584,1728,1872,2016,2160,2304,2448,2592,2736,2880,3024,3168,3312,3456,3600,3744,3888,4032,4176,4320,4464,4608,4752,4896,5040,5184,5328,5472,5616,5760,
145,290,435,580,725,870,1015,1160,1305,1450,1595,1740,1885,2030,2175,2320,2465,2610,2755,2900,3045,3190,3335,3480,3625,3770,3915,4060,4205,4350,4495,4640,4785,4930,5075,5220,5365,5510,5655,5800,
146,292,438,584,730,876,1022,1168,1314,1460,1606,1752,1898,2044,2190,2336,2482,2628,2774,2920,3066,3212,3358,3504,3650,3796,3942,4088,4234,4380,4526,4672,4818,4964,5110,5256,5402,5548,5694,5840,
147,294,441,588,735,882,1029,1176,1323,1470,1617,1764,1911,2058,2205,2352,2499,2646,2793,2940,3087,3234,3381,3528,3675,3822,3969,4116,4263,4410,4557,4704,4851,4998,5145,5292,5439,5586,5733,5880,
148,296,444,592,740,888,1036,1184,1332,1480,1628,1776,1924,2072,2220,2368,2516,2664,2812,2960,3108,3256,3404,3552,3700,3848,3996,4144,4292,4440,4588,4736,4884,5032,5180,5328,5476,5624,5772,5920,
149,298,447,596,745,894,1043,1192,1341,1490,1639,1788,1937,2086,2235,2384,2533,2682,2831,2980,3129,3278,3427,3576,3725,3874,4023,4172,4321,4470,4619,4768,4917,5066,5215,5364,5513,5662,5811,5960,
150,300,450,600,750,900,1050,1200,1350,1500,1650,1800,1950,2100,2250,2400,2550,2700,2850,3000,3150,3300,3450,3600,3750,3900,4050,4200,4350,4500,4650,4800,4950,5100,5250,5400,5550,5700,5850,6000,
151,302,453,604,755,906,1057,1208,1359,1510,1661,1812,1963,2114,2265,2416,2567,2718,2869,3020,3171,3322,3473,3624,3775,3926,4077,4228,4379,4530,4681,4832,4983,5134,5285,5436,5587,5738,5889,6040,
152,304,456,608,760,912,1064,1216,1368,1520,1672,1824,1976,2128,2280,2432,2584,2736,2888,3040,3192,3344,3496,3648,3800,3952,4104,4256,4408,4560,4712,4864,5016,5168,5320,5472,5624,5776,5928,6080,
153,306,459,612,765,918,1071,1224,1377,1530,1683,1836,1989,2142,2295,2448,2601,2754,2907,3060,3213,3366,3519,3672,3825,3978,4131,4284,4437,4590,4743,4896,5049,5202,5355,5508,5661,5814,5967,6120,
154,308,462,616,770,924,1078,1232,1386,1540,1694,1848,2002,2156,2310,2464,2618,2772,2926,3080,3234,3388,3542,3696,3850,4004,4158,4312,4466,4620,4774,4928,5082,5236,5390,5544,5698,5852,6006,6160,
155,310,465,620,775,930,1085,1240,1395,1550,1705,1860,2015,2170,2325,2480,2635,2790,2945,3100,3255,3410,3565,3720,3875,4030,4185,4340,4495,4650,4805,4960,5115,5270,5425,5580,5735,5890,6045,6200,
156,312,468,624,780,936,1092,1248,1404,1560,1716,1872,2028,2184,2340,2496,2652,2808,2964,3120,3276,3432,3588,3744,3900,4056,4212,4368,4524,4680,4836,4992,5148,5304,5460,5616,5772,5928,6084,6240,
157,314,471,628,785,942,1099,1256,1413,1570,1727,1884,2041,2198,2355,2512,2669,2826,2983,3140,3297,3454,3611,3768,3925,4082,4239,4396,4553,4710,4867,5024,5181,5338,5495,5652,5809,5966,6123,6280,
158,316,474,632,790,948,1106,1264,1422,1580,1738,1896,2054,2212,2370,2528,2686,2844,3002,3160,3318,3476,3634,3792,3950,4108,4266,4424,4582,4740,4898,5056,5214,5372,5530,5688,5846,6004,6162,6320,
159,318,477,636,795,954,1113,1272,1431,1590,1749,1908,2067,2226,2385,2544,2703,2862,3021,3180,3339,3498,3657,3816,3975,4134,4293,4452,4611,4770,4929,5088,5247,5406,5565,5724,5883,6042,6201,6360,
160,320,480,640,800,960,1120,1280,1440,1600,1760,1920,2080,2240,2400,2560,2720,2880,3040,3200,3360,3520,3680,3840,4000,4160,4320,4480,4640,4800,4960,5120,5280,5440,5600,5760,5920,6080,6240,6400,
161,322,483,644,805,966,1127,1288,1449,1610,1771,1932,2093,2254,2415,2576,2737,2898,3059,3220,3381,3542,3703,3864,4025,4186,4347,4508,4669,4830,4991,5152,5313,5474,5635,5796,5957,6118,6279,6440,
162,324,486,648,810,972,1134,1296,1458,1620,1782,1944,2106,2268,2430,2592,2754,2916,3078,3240,3402,3564,3726,3888,4050,4212,4374,4536,4698,4860,5022,5184,5346,5508,5670,5832,5994,6156,6318,6480,
163,326,489,652,815,978,1141,1304,1467,1630,1793,1956,2119,2282,2445,2608,2771,2934,3097,3260,3423,3586,3749,3912,4075,4238,4401,4564,4727,4890,5053,5216,5379,5542,5705,5868,6031,6194,6357,6520,
164,328,492,656,820,984,1148,1312,1476,1640,1804,1968,2132,2296,2460,2624,2788,2952,3116,3280,3444,3608,3772,3936,4100,4264,4428,4592,4756,4920,5084,5248,5412,5576,5740,5904,6068,6232,6396,6560,
165,330,495,660,825,990,1155,1320,1485,1650,1815,1980,2145,2310,2475,2640,2805,2970,3135,3300,3465,3630,3795,3960,4125,4290,4455,4620,4785,4950,5115,5280,5445,5610,5775,5940,6105,6270,6435,6600,
166,332,498,664,830,996,1162,1328,1494,1660,1826,1992,2158,2324,2490,2656,2822,2988,3154,3320,3486,3652,3818,3984,4150,4316,4482,4648,4814,4980,5146,5312,5478,5644,5810,5976,6142,6308,6474,6640,
167,334,501,668,835,1002,1169,1336,1503,1670,1837,2004,2171,2338,2505,2672,2839,3006,3173,3340,3507,3674,3841,4008,4175,4342,4509,4676,4843,5010,5177,5344,5511,5678,5845,6012,6179,6346,6513,6680,
168,336,504,672,840,1008,1176,1344,1512,1680,1848,2016,2184,2352,2520,2688,2856,3024,3192,3360,3528,3696,3864,4032,4200,4368,4536,4704,4872,5040,5208,5376,5544,5712,5880,6048,6216,6384,6552,6720,
169,338,507,676,845,1014,1183,1352,1521,1690,1859,2028,2197,2366,2535,2704,2873,3042,3211,3380,3549,3718,3887,4056,4225,4394,4563,4732,4901,5070,5239,5408,5577,5746,5915,6084,6253,6422,6591,6760,
170,340,510,680,850,1020,1190,1360,1530,1700,1870,2040,2210,2380,2550,2720,2890,3060,3230,3400,3570,3740,3910,4080,4250,4420,4590,4760,4930,5100,5270,5440,5610,5780,5950,6120,6290,6460,6630,6800,
171,342,513,684,855,1026,1197,1368,1539,1710,1881,2052,2223,2394,2565,2736,2907,3078,3249,3420,3591,3762,3933,4104,4275,4446,4617,4788,4959,5130,5301,5472,5643,5814,5985,6156,6327,6498,6669,6840,
172,344,516,688,860,1032,1204,1376,1548,1720,1892,2064,2236,2408,2580,2752,2924,3096,3268,3440,3612,3784,3956,4128,4300,4472,4644,4816,4988,5160,5332,5504,5676,5848,6020,6192,6364,6536,6708,6880,
173,346,519,692,865,1038,1211,1384,1557,1730,1903,2076,2249,2422,2595,2768,2941,3114,3287,3460,3633,3806,3979,4152,4325,4498,4671,4844,5017,5190,5363,5536,5709,5882,6055,6228,6401,6574,6747,6920,
174,348,522,696,870,1044,1218,1392,1566,1740,1914,2088,2262,2436,2610,2784,2958,3132,3306,3480,3654,3828,4002,4176,4350,4524,4698,4872,5046,5220,5394,5568,5742,5916,6090,6264,6438,6612,6786,6960,
175,350,525,700,875,1050,1225,1400,1575,1750,1925,2100,2275,2450,2625,2800,2975,3150,3325,3500,3675,3850,4025,4200,4375,4550,4725,4900,5075,5250,5425,5600,5775,5950,6125,6300,6475,6650,6825,7000,
176,352,528,704,880,1056,1232,1408,1584,1760,1936,2112,2288,2464,2640,2816,2992,3168,3344,3520,3696,3872,4048,4224,4400,4576,4752,4928,5104,5280,5456,5632,5808,5984,6160,6336,6512,6688,6864,7040,
177,354,531,708,885,1062,1239,1416,1593,1770,1947,2124,2301,2478,2655,2832,3009,3186,3363,3540,3717,3894,4071,4248,4425,4602,4779,4956,5133,5310,5487,5664,5841,6018,6195,6372,6549,6726,6903,7080,
178,356,534,712,890,1068,1246,1424,1602,1780,1958,2136,2314,2492,2670,2848,3026,3204,3382,3560,3738,3916,4094,4272,4450,4628,4806,4984,5162,5340,5518,5696,5874,6052,6230,6408,6586,6764,6942,7120,
179,358,537,716,895,1074,1253,1432,1611,1790,1969,2148,2327,2506,2685,2864,3043,3222,3401,3580,3759,3938,4117,4296,4475,4654,4833,5012,5191,5370,5549,5728,5907,6086,6265,6444,6623,6802,6981,7160,
180,360,540,720,900,1080,1260,1440,1620,1800,1980,2160,2340,2520,2700,2880,3060,3240,3420,3600,3780,3960,4140,4320,4500,4680,4860,5040,5220,5400,5580,5760,5940,6120,6300,6480,6660,6840,7020,7200,
181,362,543,724,905,1086,1267,1448,1629,1810,1991,2172,2353,2534,2715,2896,3077,3258,3439,3620,3801,3982,4163,4344,4525,4706,4887,5068,5249,5430,5611,5792,5973,6154,6335,6516,6697,6878,7059,7240,
182,364,546,728,910,1092,1274,1456,1638,1820,2002,2184,2366,2548,2730,2912,3094,3276,3458,3640,3822,4004,4186,4368,4550,4732,4914,5096,5278,5460,5642,5824,6006,6188,6370,6552,6734,6916,7098,7280,
183,366,549,732,915,1098,1281,1464,1647,1830,2013,2196,2379,2562,2745,2928,3111,3294,3477,3660,3843,4026,4209,4392,4575,4758,4941,5124,5307,5490,5673,5856,6039,6222,6405,6588,6771,6954,7137,7320,
184,368,552,736,920,1104,1288,1472,1656,1840,2024,2208,2392,2576,2760,2944,3128,3312,3496,3680,3864,4048,4232,4416,4600,4784,4968,5152,5336,5520,5704,5888,6072,6256,6440,6624,6808,6992,7176,7360,
185,370,555,740,925,1110,1295,1480,1665,1850,2035,2220,2405,2590,2775,2960,3145,3330,3515,3700,3885,4070,4255,4440,4625,4810,4995,5180,5365,5550,5735,5920,6105,6290,6475,6660,6845,7030,7215,7400,
186,372,558,744,930,1116,1302,1488,1674,1860,2046,2232,2418,2604,2790,2976,3162,3348,3534,3720,3906,4092,4278,4464,4650,4836,5022,5208,5394,5580,5766,5952,6138,6324,6510,6696,6882,7068,7254,7440,
187,374,561,748,935,1122,1309,1496,1683,1870,2057,2244,2431,2618,2805,2992,3179,3366,3553,3740,3927,4114,4301,4488,4675,4862,5049,5236,5423,5610,5797,5984,6171,6358,6545,6732,6919,7106,7293,7480,
188,376,564,752,940,1128,1316,1504,1692,1880,2068,2256,2444,2632,2820,3008,3196,3384,3572,3760,3948,4136,4324,4512,4700,4888,5076,5264,5452,5640,5828,6016,6204,6392,6580,6768,6956,7144,7332,7520,
189,378,567,756,945,1134,1323,1512,1701,1890,2079,2268,2457,2646,2835,3024,3213,3402,3591,3780,3969,4158,4347,4536,4725,4914,5103,5292,5481,5670,5859,6048,6237,6426,6615,6804,6993,7182,7371,7560,
190,380,570,760,950,1140,1330,1520,1710,1900,2090,2280,2470,2660,2850,3040,3230,3420,3610,3800,3990,4180,4370,4560,4750,4940,5130,5320,5510,5700,5890,6080,6270,6460,6650,6840,7030,7220,7410,7600,
191,382,573,764,955,1146,1337,1528,1719,1910,2101,2292,2483,2674,2865,3056,3247,3438,3629,3820,4011,4202,4393,4584,4775,4966,5157,5348,5539,5730,5921,6112,6303,6494,6685,6876,7067,7258,7449,7640,
192,384,576,768,960,1152,1344,1536,1728,1920,2112,2304,2496,2688,2880,3072,3264,3456,3648,3840,4032,4224,4416,4608,4800,4992,5184,5376,5568,5760,5952,6144,6336,6528,6720,6912,7104,7296,7488,7680,
193,386,579,772,965,1158,1351,1544,1737,1930,2123,2316,2509,2702,2895,3088,3281,3474,3667,3860,4053,4246,4439,4632,4825,5018,5211,5404,5597,5790,5983,6176,6369,6562,6755,6948,7141,7334,7527,7720,
194,388,582,776,970,1164,1358,1552,1746,1940,2134,2328,2522,2716,2910,3104,3298,3492,3686,3880,4074,4268,4462,4656,4850,5044,5238,5432,5626,5820,6014,6208,6402,6596,6790,6984,7178,7372,7566,7760,
195,390,585,780,975,1170,1365,1560,1755,1950,2145,2340,2535,2730,2925,3120,3315,3510,3705,3900,4095,4290,4485,4680,4875,5070,5265,5460,5655,5850,6045,6240,6435,6630,6825,7020,7215,7410,7605,7800,
196,392,588,784,980,1176,1372,1568,1764,1960,2156,2352,2548,2744,2940,3136,3332,3528,3724,3920,4116,4312,4508,4704,4900,5096,5292,5488,5684,5880,6076,6272,6468,6664,6860,7056,7252,7448,7644,7840,
197,394,591,788,985,1182,1379,1576,1773,1970,2167,2364,2561,2758,2955,3152,3349,3546,3743,3940,4137,4334,4531,4728,4925,5122,5319,5516,5713,5910,6107,6304,6501,6698,6895,7092,7289,7486,7683,7880,
198,396,594,792,990,1188,1386,1584,1782,1980,2178,2376,2574,2772,2970,3168,3366,3564,3762,3960,4158,4356,4554,4752,4950,5148,5346,5544,5742,5940,6138,6336,6534,6732,6930,7128,7326,7524,7722,7920,
199,398,597,796,995,1194,1393,1592,1791,1990,2189,2388,2587,2786,2985,3184,3383,3582,3781,3980,4179,4378,4577,4776,4975,5174,5373,5572,5771,5970,6169,6368,6567,6766,6965,7164,7363,7562,7761,7960,
